4194432 00000000000010110100000000100001
4194436 00000000000010011000000000100001
4194440 00100010000100001111111111111111
4194444 00000000000000001000100000100001
4194448 00000010001100000000100000101010
4194452 00010000001000000000000000010100
4194456 00000000000000001001000000100001
4194460 00000010000100011001100000100010
4194464 00000000000010001010000000100001
4194468 00100010100101001111111111111100
4194472 00100010001100010000000000000001
4194476 00010010010100111111111111111000
4194480 00100010100101000000000000000100
4194484 10001110100011010000000000000000
4194488 10001110100011100000000000000100
4194492 00000001110011010000100000101010
4194496 00010000001000000000000000000111
4194500 00000000000011010111100000100001
4194504 00000000000011100110100000100001
4194508 00000000000011110111000000100001
4194512 10101110100011010000000000000000
4194516 10101110100011100000000000000100
4194520 00100010010100100000000000000001
4194524 00001000000100000000000000101011
4194528 00100010010100100000000000000001
4194532 00001000000100000000000000101011
